StrengthRatio	AttackA_Verticality	DefenseA_DefensiveLine	AttackB_Verticality	DefenseB_DefensiveLine	Seq_CountersCount	Seq_CornersCount	Seq_LooseBallsCount	TeamA_Goals	TeamA_TotalXG	TeamA_XGPerShot	TeamA_PossessionShare	TeamA_ShotsTotal	TeamA_ShotsOnTarget	TeamA_ShotsBlocked	TeamA_ShotsWoodwork	TeamA_CornersWon	TeamA_LooseBallsWon	TeamA_PassesTotal	TeamA_PassesOpenPlay	TeamA_PassesCounterAttack	TeamA_PassesCorner	TeamA_PassesLooseBall	TeamA_XGOpenPlay	TeamA_XGCounterAttack	TeamA_XGCorner	TeamA_XGLooseBall	TeamB_Goals	TeamB_TotalXG	TeamB_XGPerShot	TeamB_PossessionShare	TeamB_ShotsTotal	TeamB_ShotsOnTarget	TeamB_ShotsBlocked	TeamB_ShotsWoodwork	TeamB_CornersWon	TeamB_LooseBallsWon	TeamB_PassesTotal	TeamB_PassesOpenPlay	TeamB_PassesCounterAttack	TeamB_PassesCorner	TeamB_PassesLooseBall	TeamB_XGOpenPlay	TeamB_XGCounterAttack	TeamB_XGCorner	TeamB_XGLooseBall
0	0	0	0	0	13,58	1,76	5,22	0,85	0,86	0,159	50	5,34	2,67	1,57	0,29	0,89	2,59	179	159,9	12,1	1,8	5,2	0,4	0,29	0,07	0,1	0,87	0,87	0,16	50	5,34	2,69	1,61	0,25	0,87	2,63	179	160,1	11,9	1,7	5,3	0,41	0,28	0,07	0,11
0	0	0	0	50	12,57	1,75	5,11	0,8	0,81	0,159	50	4,97	2,51	1,49	0,23	0,84	2,63	178,1	161,2	9,9	1,7	5,3	0,41	0,24	0,07	0,09	0,94	0,91	0,16	50	5,59	2,82	1,61	0,31	0,92	2,47	177,7	158,8	12,1	1,8	4,9	0,44	0,29	0,08	0,1
0	0	0	0	100	12,54	1,75	5,05	0,83	0,82	0,159	50	5,05	2,62	1,45	0,24	0,85	2,51	177,7	160,9	10,1	1,7	5	0,41	0,25	0,07	0,09	0,9	0,88	0,161	50	5,44	2,74	1,63	0,28	0,9	2,54	178	159,1	12	1,8	5,1	0,41	0,29	0,08	0,1
0	0	0	50	0	17,46	2,71	7,87	1,14	1,15	0,163	63	6,99	3,54	2,09	0,33	1,15	3,93	180,9	151,9	18,8	2,3	7,9	0,37	0,55	0,09	0,13	1,59	1,56	0,164	37	9,47	4,83	2,75	0,43	1,55	3,94	106,3	84	11,3	3,1	7,9	0,99	0,27	0,12	0,18
0	0	0	50	50	16,97	3,32	9,67	1,19	1,21	0,169	61,7	7,15	3,65	2,06	0,36	1,17	4,83	178,3	149,4	16,9	2,3	9,7	0,37	0,6	0,1	0,14	2,22	2,19	0,166	38,3	13,15	6,72	3,81	0,65	2,15	4,84	110,5	85,3	11,2	4,3	9,7	1,49	0,27	0,18	0,25
0	0	0	50	100	17,16	3,36	9,59	1,24	1,2	0,169	61,7	7,08	3,66	1,98	0,34	1,19	4,74	178,2	149,2	17,2	2,4	9,5	0,36	0,61	0,1	0,13	2,14	2,18	0,166	38,3	13,09	6,55	3,92	0,65	2,18	4,85	110,6	85,4	11,1	4,4	9,7	1,48	0,27	0,18	0,26
0	0	0	100	0	17,62	2,79	8,02	1,15	1,16	0,163	62,9	7,06	3,55	2,09	0,36	1,14	4,03	181,1	152	18,8	2,3	8,1	0,38	0,54	0,1	0,14	1,52	1,59	0,165	37,1	9,62	4,82	2,87	0,49	1,65	4	106,8	84	11,5	3,3	8	0,99	0,28	0,14	0,19
0	0	0	100	50	17,01	3,48	9,72	1,27	1,23	0,169	61,6	7,26	3,79	2,06	0,35	1,22	4,8	178,3	149,4	16,9	2,4	9,6	0,39	0,6	0,11	0,14	2,21	2,2	0,166	38,4	13,17	6,8	3,82	0,62	2,26	4,92	111	85,3	11,3	4,5	9,8	1,5	0,27	0,18	0,25
0	0	0	100	100	16,83	3,39	9,68	1,23	1,23	0,169	61,5	7,25	3,68	2,12	0,37	1,16	4,79	177,5	148,6	17	2,3	9,6	0,37	0,61	0,1	0,15	2,2	2,21	0,167	38,5	13,24	6,72	3,83	0,67	2,23	4,89	111	85,7	11	4,5	9,8	1,51	0,26	0,18	0,25
0	0	50	0	0	12,53	1,77	5,02	0,9	0,92	0,161	50	5,62	2,82	1,65	0,28	0,94	2,52	177,8	158,8	12,1	1,9	5	0,42	0,3	0,09	0,11	0,81	0,81	0,16	50	4,98	2,5	1,47	0,24	0,83	2,5	177,8	161,2	9,9	1,7	5	0,4	0,24	0,07	0,09
0	0	50	0	50	11,55	1,77	5,09	0,87	0,87	0,16	50	5,33	2,72	1,53	0,3	0,88	2,51	176,6	159,8	10,1	1,8	5	0,45	0,25	0,07	0,1	0,85	0,84	0,159	50	5,15	2,61	1,5	0,27	0,89	2,58	177	160,2	9,8	1,8	5,2	0,43	0,24	0,07	0,09
0	0	50	0	100	11,63	1,71	5,15	0,84	0,86	0,16	50	5,25	2,58	1,64	0,27	0,81	2,6	177	160,1	10,1	1,6	5,2	0,43	0,25	0,07	0,1	0,86	0,88	0,161	50	5,38	2,74	1,56	0,28	0,9	2,56	176,9	159,9	10	1,8	5,1	0,44	0,26	0,07	0,11
0	0	50	50	0	16,74	2,74	7,91	1,19	1,21	0,163	63,1	7,38	3,7	2,18	0,39	1,2	3,95	180,2	150,8	19,1	2,4	7,9	0,41	0,56	0,09	0,14	1,46	1,49	0,165	36,9	8,98	4,6	2,65	0,42	1,54	3,95	105,1	84,6	9,5	3,1	7,9	0,98	0,22	0,12	0,17
0	0	50	50	50	16,02	3,28	9,65	1,24	1,24	0,168	62	7,31	3,76	2,09	0,36	1,21	4,85	177,9	148,8	16,9	2,4	9,7	0,41	0,6	0,1	0,14	2,2	2,15	0,167	38	12,86	6,59	3,68	0,68	2,08	4,8	108,7	85,6	9,3	4,2	9,6	1,5	0,23	0,18	0,24
0	0	50	50	100	16,02	3,42	9,75	1,26	1,27	0,169	62	7,48	3,83	2,18	0,39	1,23	4,91	177,8	148,4	17,1	2,5	9,8	0,41	0,61	0,1	0,15	2,12	2,16	0,167	38	12,92	6,54	3,81	0,66	2,19	4,84	108,9	85,8	9	4,4	9,7	1,51	0,22	0,18	0,25
0	0	50	100	0	16,67	2,78	7,95	1,18	1,22	0,164	63,3	7,37	3,75	2,17	0,35	1,22	4	180,9	151,4	19,1	2,4	8	0,41	0,55	0,11	0,14	1,52	1,53	0,165	36,7	9,21	4,7	2,69	0,48	1,56	3,95	104,8	84,3	9,5	3,1	7,9	0,98	0,23	0,13	0,18
0	0	50	100	50	16,26	3,43	9,78	1,32	1,3	0,169	61,9	7,63	3,98	2,2	0,37	1,29	4,92	177,7	147,9	17,4	2,6	9,8	0,4	0,63	0,12	0,15	2,21	2,17	0,167	38,1	12,95	6,63	3,78	0,63	2,13	4,86	109,3	86	9,2	4,3	9,7	1,51	0,23	0,18	0,24
0	0	50	100	100	16,13	3,37	9,81	1,26	1,27	0,169	61,8	7,49	3,86	2,15	0,41	1,24	4,82	177,4	148,1	17,2	2,5	9,6	0,41	0,62	0,11	0,14	2,17	2,18	0,167	38,2	13,02	6,58	3,83	0,64	2,13	4,99	109,4	85,9	9,2	4,3	10	1,52	0,23	0,17	0,25
0	0	100	0	0	12,71	1,71	5,23	0,89	0,89	0,16	50,1	5,53	2,72	1,64	0,29	0,88	2,55	178,5	159,5	12,1	1,8	5,1	0,44	0,28	0,07	0,1	0,81	0,84	0,161	49,9	5,13	2,56	1,54	0,3	0,83	2,68	177,6	160,5	10,1	1,7	5,4	0,4	0,26	0,07	0,11
0	0	100	0	50	11,41	1,75	4,94	0,93	0,86	0,16	50,1	5,28	2,74	1,5	0,25	0,91	2,46	177	160,3	10	1,8	4,9	0,44	0,25	0,07	0,1	0,78	0,84	0,16	49,9	5,15	2,52	1,5	0,26	0,85	2,47	176,2	159,7	9,9	1,7	4,9	0,42	0,25	0,07	0,1
0	0	100	0	100	11,46	1,75	4,95	0,8	0,85	0,16	50,3	5,17	2,59	1,56	0,24	0,87	2,52	177,5	160,8	9,9	1,7	5	0,44	0,24	0,07	0,1	0,88	0,84	0,159	49,7	5,17	2,7	1,43	0,27	0,89	2,43	175,7	159,2	9,9	1,8	4,9	0,42	0,25	0,07	0,1
0	0	100	50	0	16,69	2,76	7,82	1,22	1,18	0,163	63,2	7,15	3,69	2,06	0,39	1,21	3,84	180,3	151,2	19	2,4	7,7	0,4	0,54	0,09	0,14	1,48	1,53	0,165	36,8	9,24	4,64	2,68	0,47	1,56	3,98	105,1	84,4	9,7	3,1	8	0,99	0,25	0,13	0,17
0	0	100	50	50	16,35	3,4	9,68	1,22	1,26	0,168	62	7,42	3,74	2,2	0,36	1,24	4,82	178	148,5	17,4	2,5	9,6	0,39	0,63	0,1	0,14	2,14	2,16	0,167	38	12,91	6,6	3,7	0,65	2,17	4,87	109,2	85,8	9,3	4,3	9,7	1,49	0,24	0,18	0,25
0	0	100	50	100	16,09	3,37	9,54	1,32	1,25	0,169	62	7,34	3,81	2,09	0,32	1,23	4,77	177,8	148,6	17,1	2,5	9,5	0,4	0,61	0,11	0,13	2,15	2,14	0,166	38	12,85	6,52	3,69	0,65	2,15	4,77	108,9	85,7	9,4	4,3	9,5	1,5	0,23	0,17	0,24
0	0	100	100	0	16,77	2,67	7,91	1,22	1,2	0,163	63,1	7,29	3,73	2,14	0,36	1,18	3,91	180,2	151,1	19	2,4	7,8	0,41	0,56	0,1	0,14	1,53	1,53	0,166	36,9	9,21	4,61	2,75	0,47	1,48	4	105,1	84,5	9,7	3	8	0,98	0,24	0,13	0,18
0	0	100	100	50	15,95	3,4	9,62	1,22	1,27	0,169	62	7,47	3,75	2,19	0,38	1,26	4,82	177,7	148,5	17	2,5	9,6	0,4	0,62	0,11	0,14	2,19	2,16	0,167	38	12,94	6,57	3,75	0,66	2,14	4,81	108,7	85,7	9,1	4,3	9,6	1,51	0,23	0,18	0,24
0	0	100	100	100	16,19	3,35	9,7	1,33	1,27	0,168	61,8	7,5	3,85	2,17	0,38	1,22	4,79	177,2	147,9	17,3	2,4	9,6	0,4	0,63	0,1	0,14	2,12	2,13	0,167	38,2	12,75	6,52	3,75	0,65	2,13	4,91	109,4	86	9,2	4,3	9,8	1,49	0,22	0,17	0,25
0	50	0	0	0	17,69	2,69	7,91	1,62	1,57	0,165	37	9,49	4,77	2,8	0,47	1,53	3,95	106,5	84	11,5	3,1	7,9	0,98	0,28	0,13	0,18	1,25	1,17	0,163	63	7,1	3,62	2,06	0,37	1,17	3,96	181,2	152	19	2,3	7,9	0,38	0,55	0,1	0,14
0	50	0	0	50	16,56	2,71	7,85	1,54	1,52	0,165	36,8	9,16	4,68	2,66	0,45	1,53	3,94	104,8	84,3	9,6	3,1	7,9	0,97	0,24	0,13	0,18	1,17	1,18	0,163	63,2	7,2	3,62	2,16	0,38	1,18	3,91	180,5	151,4	18,9	2,4	7,8	0,4	0,56	0,09	0,14
0	50	0	0	100	16,5	2,74	7,83	1,5	1,52	0,165	36,6	9,14	4,62	2,68	0,48	1,52	3,87	104,3	84,1	9,4	3	7,7	0,98	0,24	0,13	0,17	1,24	1,19	0,163	63,4	7,24	3,68	2,14	0,38	1,22	3,96	181	151,7	18,9	2,4	7,9	0,42	0,54	0,11	0,13
0	50	0	50	0	21,08	3,61	10,42	1,9	1,84	0,166	50	11,04	5,69	3,22	0,55	1,79	5,28	112,1	80	17,9	3,6	10,6	0,95	0,52	0,15	0,22	1,82	1,81	0,166	50	10,84	5,52	3,16	0,56	1,83	5,14	111,8	80	17,9	3,7	10,3	0,93	0,52	0,16	0,2
0	50	0	50	50	20,7	4,19	12	1,87	1,86	0,169	48,9	10,97	5,58	3,17	0,53	1,79	5,97	110,9	78,8	16,5	3,6	11,9	0,92	0,59	0,15	0,21	2,43	2,41	0,167	51,1	14,38	7,32	4,13	0,77	2,4	6,03	115,8	81,2	17,8	4,8	12,1	1,4	0,53	0,21	0,27
0	50	0	50	100	20,59	4,25	12,19	1,91	1,87	0,169	48,8	11	5,67	3,15	0,5	1,81	6,1	110,7	78,6	16,2	3,6	12,2	0,92	0,59	0,16	0,2	2,38	2,45	0,167	51,2	14,59	7,42	4,32	0,73	2,44	6,09	116,1	81,4	17,6	4,9	12,2	1,43	0,52	0,21	0,28
0	50	0	100	0	21,01	3,6	10,41	1,8	1,83	0,166	50	10,98	5,53	3,23	0,52	1,78	5,2	111,9	80	17,9	3,6	10,4	0,94	0,52	0,15	0,22	1,79	1,81	0,166	50	10,84	5,61	3,13	0,49	1,81	5,21	112	80	17,9	3,6	10,4	0,93	0,52	0,15	0,21
0	50	0	100	50	20,59	4,39	12,09	1,83	1,86	0,17	48,7	10,93	5,55	3,17	0,54	1,83	6,06	110,4	78,5	16,1	3,7	12,1	0,9	0,58	0,16	0,21	2,49	2,46	0,167	51,3	14,66	7,55	4,21	0,72	2,57	6,03	116,3	81,5	17,7	5,1	12,1	1,45	0,52	0,21	0,28
0	50	0	100	100	20,62	4,21	12,01	1,88	1,85	0,169	48,9	10,87	5,58	3,11	0,53	1,77	6,07	110,7	78,8	16,2	3,5	12,1	0,92	0,57	0,16	0,2	2,44	2,42	0,167	51,1	14,45	7,39	4,17	0,74	2,44	5,94	115,7	81,2	17,7	4,9	11,9	1,44	0,51	0,21	0,26
0	50	50	0	0	17,08	3,36	9,71	2,15	2,17	0,166	38,2	13,02	6,58	3,93	0,65	2,12	4,78	110,3	85,3	11,1	4,2	9,6	1,48	0,27	0,17	0,25	1,21	1,22	0,169	61,9	7,17	3,7	2,05	0,35	1,24	4,93	178,9	149,3	17,3	2,5	9,9	0,38	0,6	0,1	0,14
0	50	50	0	50	15,95	3,42	9,72	2,2	2,19	0,167	38,1	13,07	6,71	3,77	0,66	2,23	4,9	109,3	85,7	9,3	4,5	9,8	1,52	0,23	0,19	0,25	1,22	1,24	0,169	61,9	7,3	3,72	2,12	0,34	1,19	4,82	177,4	148,6	16,8	2,4	9,6	0,4	0,59	0,1	0,14
0	50	50	0	100	16,16	3,41	9,79	2,13	2,18	0,167	38,1	13,06	6,67	3,77	0,67	2,22	4,93	109,3	85,7	9,3	4,4	9,9	1,51	0,24	0,18	0,25	1,25	1,24	0,169	61,9	7,29	3,7	2,16	0,37	1,19	4,86	177,8	148,7	17	2,4	9,7	0,4	0,6	0,1	0,14
0	50	50	50	0	20,7	4,35	12,02	2,46	2,4	0,167	51,2	14,37	7,41	4,11	0,78	2,5	6,03	116,2	81,3	17,9	5	12,1	1,41	0,52	0,2	0,28	1,81	1,85	0,169	48,8	10,92	5,62	3,14	0,52	1,86	5,99	110,7	78,7	16,3	3,7	12	0,92	0,57	0,15	0,22
0	50	50	50	50	20,11	4,78	13,63	2,47	2,45	0,169	50	14,43	7,4	4,23	0,65	2,42	6,84	114,4	79,8	16	4,8	13,7	1,41	0,57	0,2	0,27	2,43	2,42	0,169	50	14,29	7,27	4,11	0,78	2,36	6,79	114,3	80,2	15,9	4,7	13,6	1,41	0,55	0,19	0,26
0	50	50	50	100	20,17	4,84	13,64	2,41	2,46	0,169	50	14,46	7,48	4,12	0,69	2,45	6,8	114,4	79,8	16,1	4,9	13,6	1,4	0,57	0,2	0,28	2,5	2,43	0,169	50	14,32	7,33	4,16	0,68	2,39	6,84	114,6	80,2	16	4,8	13,7	1,4	0,56	0,19	0,28
0	50	50	100	0	20,73	4,24	12,09	2,32	2,39	0,167	51,1	14,27	7,23	4,12	0,69	2,4	6,04	116	81,5	17,6	4,8	12,1	1,41	0,51	0,2	0,26	1,9	1,89	0,169	48,9	11,13	5,72	3,21	0,58	1,84	6,04	110,8	78,5	16,6	3,7	12,1	0,93	0,59	0,15	0,22
0	50	50	100	50	20,14	4,77	13,78	2,41	2,44	0,169	49,9	14,35	7,28	4,27	0,69	2,37	6,78	114,2	79,9	16	4,7	13,6	1,4	0,57	0,2	0,26	2,47	2,44	0,169	50,1	14,37	7,44	4,13	0,7	2,39	7	114,8	80,1	15,8	4,8	14	1,41	0,56	0,19	0,27
0	50	50	100	100	19,93	4,82	13,71	2,47	2,48	0,17	50,1	14,59	7,45	4,22	0,72	2,42	6,87	114,6	79,9	16,1	4,8	13,7	1,42	0,57	0,22	0,27	2,42	2,44	0,169	49,9	14,39	7,29	4,24	0,71	2,4	6,84	114,3	80,1	15,8	4,8	13,7	1,4	0,56	0,2	0,28
0	50	100	0	0	17,15	3,42	9,67	2,17	2,18	0,166	38,3	13,06	6,72	3,74	0,68	2,21	4,82	110,6	85,3	11,2	4,4	9,6	1,48	0,27	0,19	0,24	1,23	1,22	0,169	61,7	7,17	3,69	2,08	0,36	1,21	4,86	178,6	149,3	17,2	2,4	9,7	0,38	0,6	0,1	0,14
0	50	100	0	50	16,11	3,29	9,62	2,19	2,16	0,166	37,9	12,92	6,58	3,7	0,68	2,08	4,79	108,7	85,6	9,3	4,2	9,6	1,5	0,24	0,17	0,24	1,27	1,25	0,168	62,1	7,34	3,74	2,13	0,37	1,21	4,83	178	148,7	17,1	2,4	9,7	0,4	0,61	0,1	0,14
0	50	100	0	100	16,09	3,34	9,64	2,13	2,16	0,167	38	12,95	6,53	3,72	0,68	2,15	4,81	108,8	85,6	9,3	4,3	9,6	1,5	0,24	0,17	0,25	1,26	1,24	0,168	62	7,33	3,72	2,13	0,38	1,19	4,82	178	148,9	17,1	2,4	9,6	0,4	0,61	0,1	0,14
0	50	100	50	0	20,71	4,23	12,04	2,46	2,44	0,167	51,2	14,57	7,39	4,2	0,73	2,44	6,07	115,9	81	17,9	4,9	12,1	1,42	0,54	0,21	0,27	1,9	1,87	0,169	48,8	10,99	5,63	3,14	0,54	1,79	5,96	110,7	79	16,2	3,6	11,9	0,92	0,59	0,16	0,19
0	50	100	50	50	20,18	4,72	13,69	2,51	2,45	0,169	49,8	14,42	7,35	4,17	0,7	2,32	6,81	114	79,7	16,1	4,6	13,6	1,39	0,59	0,19	0,28	2,52	2,46	0,17	50,2	14,45	7,38	4,19	0,75	2,4	6,89	114,8	80,3	15,9	4,8	13,8	1,4	0,57	0,21	0,28
0	50	100	50	100	20,15	4,9	13,58	2,48	2,48	0,17	50,1	14,57	7,49	4,22	0,68	2,49	6,75	114,6	80	16,1	5	13,5	1,42	0,58	0,21	0,27	2,44	2,45	0,169	49,9	14,43	7,45	4,12	0,69	2,41	6,82	114,4	80	15,9	4,8	13,6	1,4	0,57	0,21	0,28
0	50	100	100	0	20,75	4,15	12,17	2,4	2,41	0,167	51,2	14,41	7,31	4,27	0,72	2,39	6,11	116	81,2	17,9	4,8	12,2	1,42	0,51	0,2	0,28	1,83	1,83	0,169	48,8	10,82	5,51	3,14	0,55	1,76	6,06	110,6	78,8	16,2	3,5	12,1	0,92	0,57	0,14	0,2
0	50	100	100	50	20,21	4,76	13,67	2,48	2,42	0,169	50,2	14,27	7,38	4,18	0,69	2,35	6,94	115	80,3	16,1	4,7	13,9	1,4	0,56	0,2	0,27	2,38	2,42	0,17	49,8	14,24	7,25	4,21	0,7	2,41	6,73	113,9	79,7	16	4,8	13,5	1,38	0,56	0,21	0,26
0	50	100	100	100	20,23	4,87	13,64	2,42	2,45	0,17	50	14,4	7,42	4,12	0,71	2,42	6,84	114,5	80	16,1	4,8	13,7	1,39	0,58	0,21	0,26	2,51	2,43	0,169	50	14,32	7,43	4,04	0,75	2,45	6,8	114,7	80	16,1	4,9	13,6	1,4	0,57	0,2	0,26
0	100	0	0	0	17,59	2,73	7,82	1,53	1,55	0,164	37,2	9,38	4,77	2,73	0,46	1,53	3,98	106,8	84,1	11,6	3,1	8	0,98	0,27	0,11	0,18	1,13	1,15	0,163	62,8	6,96	3,56	2	0,35	1,19	3,84	180,5	151,8	18,7	2,4	7,7	0,37	0,55	0,1	0,13
0	100	0	0	50	16,61	2,72	7,76	1,53	1,53	0,165	36,8	9,22	4,65	2,73	0,41	1,5	3,92	104,7	84,4	9,5	3	7,8	0,99	0,24	0,12	0,18	1,24	1,18	0,163	63,2	7,15	3,66	2,07	0,35	1,22	3,84	180,3	151,2	18,9	2,4	7,7	0,4	0,55	0,1	0,13
0	100	0	0	100	16,6	2,77	7,85	1,51	1,51	0,165	36,7	9,12	4,6	2,71	0,42	1,51	3,88	104,5	84,3	9,5	3	7,8	0,98	0,23	0,13	0,17	1,14	1,19	0,163	63,3	7,23	3,72	2,1	0,35	1,26	3,97	180,8	151,4	18,9	2,5	7,9	0,4	0,55	0,1	0,14
0	100	0	50	0	21,31	3,63	10,32	1,75	1,83	0,166	50,1	11,01	5,51	3,25	0,52	1,84	5,18	112,2	79,9	18,2	3,7	10,4	0,94	0,54	0,15	0,2	1,79	1,78	0,166	49,9	10,73	5,47	3,08	0,55	1,78	5,14	111,9	80,1	18	3,6	10,3	0,92	0,52	0,14	0,2
0	100	0	50	50	20,79	4,2	12,21	1,84	1,86	0,169	48,7	10,93	5,52	3,2	0,59	1,81	6,02	110,6	78,4	16,5	3,6	12	0,92	0,58	0,15	0,2	2,37	2,42	0,167	51,3	14,44	7,3	4,18	0,76	2,39	6,18	116,6	81,6	17,8	4,8	12,4	1,43	0,51	0,2	0,27
0	100	0	50	100	20,6	4,25	11,99	1,82	1,85	0,169	48,8	10,86	5,58	3,1	0,54	1,83	5,96	110,6	79	16,1	3,7	11,9	0,92	0,57	0,16	0,2	2,44	2,43	0,167	51,2	14,54	7,43	4,18	0,72	2,42	6,03	115,9	81	18	4,8	12,1	1,43	0,53	0,2	0,28
0	100	0	100	0	21,13	3,56	10,41	1,85	1,83	0,166	49,9	10,98	5,52	3,28	0,52	1,74	5,23	112	80	18,1	3,5	10,5	0,93	0,53	0,15	0,21	1,78	1,81	0,166	50,1	10,9	5,53	3,18	0,54	1,82	5,18	112,2	80	18,2	3,6	10,4	0,93	0,53	0,15	0,21
0	100	0	100	50	20,57	4,21	12,12	1,89	1,86	0,169	48,8	10,92	5,7	3,15	0,53	1,87	6,01	110,6	78,6	16,3	3,7	12	0,92	0,57	0,16	0,21	2,37	2,41	0,167	51,2	14,43	7,27	4,24	0,76	2,35	6,11	115,9	81,4	17,6	4,7	12,2	1,43	0,51	0,2	0,27
0	100	0	100	100	20,71	4,26	11,98	1,85	1,87	0,169	49,1	10,99	5,66	3,14	0,53	1,87	6,06	111,2	79	16,3	3,7	12,1	0,92	0,58	0,16	0,2	2,4	2,41	0,167	50,9	14,4	7,28	4,22	0,73	2,39	5,92	115,5	81	17,9	4,8	11,8	1,41	0,52	0,2	0,28
0	100	50	0	0	17,21	3,28	9,5	2,16	2,15	0,167	38,3	12,9	6,5	3,8	0,64	2,08	4,76	110,4	85,4	11,3	4,2	9,5	1,48	0,25	0,18	0,24	1,22	1,21	0,169	61,7	7,12	3,7	1,97	0,38	1,21	4,74	178,3	149,1	17,3	2,4	9,5	0,37	0,61	0,1	0,13
0	100	50	0	50	16,31	3,38	9,64	2,16	2,14	0,166	38,2	12,86	6,55	3,73	0,6	2,14	4,89	109,5	85,9	9,5	4,3	9,8	1,49	0,24	0,17	0,25	1,25	1,28	0,168	61,8	7,54	3,8	2,18	0,39	1,24	4,75	177,6	148,2	17,4	2,5	9,5	0,4	0,63	0,11	0,14
0	100	50	0	100	16,08	3,47	9,61	2,2	2,17	0,167	38	12,95	6,6	3,78	0,67	2,19	4,78	109	85,7	9,3	4,4	9,6	1,51	0,23	0,19	0,24	1,2	1,25	0,169	62	7,38	3,75	2,15	0,35	1,27	4,84	177,9	148,6	17,1	2,5	9,7	0,41	0,6	0,1	0,14
0	100	50	50	0	20,79	4,2	12,13	2,43	2,41	0,167	51,3	14,41	7,43	4,15	0,7	2,41	6,13	116,4	81,5	17,8	4,8	12,3	1,42	0,52	0,21	0,26	1,85	1,87	0,169	48,7	10,99	5,62	3,25	0,54	1,8	6	110,5	78,5	16,4	3,6	12	0,92	0,58	0,16	0,21
0	100	50	50	50	20,16	4,75	13,55	2,49	2,47	0,17	50	14,51	7,51	4,09	0,7	2,39	6,81	114,3	79,6	16,3	4,8	13,6	1,4	0,57	0,21	0,29	2,46	2,41	0,169	50	14,23	7,31	4,05	0,7	2,35	6,74	114,4	80,4	15,9	4,7	13,5	1,4	0,55	0,19	0,26
0	100	50	50	100	20,23	4,75	13,79	2,41	2,43	0,169	50	14,33	7,28	4,18	0,73	2,31	6,92	114,5	80,2	15,8	4,6	13,8	1,39	0,57	0,2	0,28	2,52	2,5	0,169	50	14,74	7,51	4,25	0,76	2,44	6,87	114,7	79,8	16,3	4,9	13,7	1,43	0,59	0,21	0,28
0	100	50	100	0	20,61	4,12	12,11	2,4	2,43	0,167	51,2	14,52	7,4	4,16	0,72	2,42	6,04	115,9	81,1	17,9	4,8	12,1	1,43	0,53	0,2	0,28	1,83	1,84	0,169	48,8	10,84	5,48	3,2	0,52	1,7	6,07	110,6	78,9	16,1	3,4	12,1	0,91	0,57	0,15	0,21
0	100	50	100	50	20,16	4,81	13,92	2,43	2,44	0,169	50	14,37	7,32	4,17	0,72	2,39	6,94	114,7	80,1	15,9	4,8	13,9	1,41	0,57	0,19	0,27	2,42	2,49	0,17	50	14,64	7,43	4,3	0,72	2,42	6,98	114,8	79,9	16,1	4,8	14	1,41	0,58	0,22	0,28
0	100	50	100	100	20,19	4,75	13,96	2,46	2,46	0,169	50	14,51	7,37	4,29	0,71	2,4	6,97	114,6	79,9	15,9	4,8	13,9	1,41	0,57	0,19	0,28	2,41	2,45	0,169	50	14,47	7,22	4,35	0,76	2,35	7	114,7	80,1	15,9	4,7	14	1,4	0,58	0,19	0,28
0	100	100	0	0	16,98	3,3	9,65	2,14	2,22	0,167	38,3	13,28	6,73	3,84	0,69	2,15	4,82	110,6	85,4	11,3	4,3	9,6	1,5	0,27	0,19	0,25	1,21	1,21	0,169	61,7	7,11	3,62	2,03	0,34	1,15	4,83	178,1	149,2	16,9	2,3	9,7	0,37	0,6	0,1	0,14
0	100	100	0	50	16,15	3,34	9,7	2,15	2,18	0,167	38	13,01	6,62	3,72	0,68	2,14	4,9	109,1	85,6	9,4	4,3	9,8	1,51	0,23	0,18	0,26	1,22	1,24	0,168	62	7,3	3,7	2,18	0,36	1,2	4,79	177,8	148,9	17	2,4	9,6	0,4	0,6	0,1	0,14
0	100	100	0	100	16,09	3,27	9,8	2,17	2,16	0,167	38,1	12,91	6,61	3,78	0,65	2,12	4,9	109	85,8	9,2	4,2	9,8	1,51	0,23	0,17	0,25	1,22	1,25	0,168	61,9	7,36	3,7	2,17	0,38	1,16	4,9	177,5	148,4	17	2,3	9,8	0,41	0,61	0,09	0,14
0	100	100	50	0	20,7	4,15	12,1	2,44	2,42	0,167	51,3	14,48	7,35	4,32	0,74	2,36	6,08	116,1	81,6	17,7	4,7	12,2	1,43	0,52	0,2	0,28	1,86	1,86	0,169	48,7	10,93	5,55	3,17	0,57	1,79	6,02	110,4	78,4	16,3	3,6	12	0,9	0,58	0,16	0,21
0	100	100	50	50	20,18	4,84	13,7	2,4	2,45	0,169	50	14,4	7,35	4,05	0,78	2,48	6,87	114,5	79,8	16	5	13,7	1,39	0,58	0,21	0,26	2,43	2,45	0,169	50	14,47	7,34	4,24	0,73	2,36	6,83	114,6	80,2	16,1	4,7	13,7	1,42	0,56	0,18	0,29
0	100	100	50	100	20,15	4,88	13,7	2,49	2,43	0,169	49,8	14,32	7,35	4,14	0,72	2,4	6,8	114,1	79,8	15,8	4,8	13,6	1,4	0,57	0,19	0,27	2,37	2,46	0,169	50,2	14,49	7,35	4,2	0,74	2,48	6,9	114,8	80,2	15,9	5	13,8	1,42	0,57	0,21	0,27
0	100	100	100	0	20,56	4,12	11,99	2,41	2,4	0,167	51,2	14,33	7,24	4,3	0,72	2,3	6	115,7	81,4	17,7	4,6	12	1,42	0,5	0,2	0,28	1,83	1,83	0,169	48,8	10,77	5,53	3,14	0,52	1,82	5,99	110,4	78,6	16,3	3,6	12	0,91	0,56	0,15	0,21
0	100	100	100	50	20,11	4,77	13,56	2,46	2,45	0,169	50,1	14,44	7,44	4,12	0,72	2,45	6,83	114,5	80	16	4,9	13,7	1,41	0,57	0,21	0,27	2,45	2,43	0,169	49,9	14,34	7,26	4,23	0,67	2,33	6,73	114,1	80	15,9	4,7	13,5	1,41	0,56	0,2	0,27
0	100	100	100	100	20,15	4,72	13,74	2,43	2,43	0,169	50,1	14,33	7,29	4,21	0,72	2,38	6,88	114,7	80,3	15,9	4,8	13,8	1,4	0,56	0,2	0,27	2,48	2,44	0,169	49,9	14,38	7,37	4,17	0,68	2,35	6,85	114,3	79,7	16,2	4,7	13,7	1,39	0,58	0,19	0,28
0	0 media	0 media	0 media	0 media	17,84592593	3,555925926	10,20444444	1,800246914	1,800246914	0,166567901	50,00246914	10,71851852	5,46654321	3,116296296	0,532469136	1,777407407	5,102716049	134,0308642	105,4876543	14,77901235	3,555555556	10,20493827	0,983950617	0,462962963	0,149382716	0,203209877	1,794074074	1,795802469	0,166555556	49,99876543	10,69580247	5,44691358	3,111975309	0,537160494	1,77962963	5,101481481	134,0432099	105,5407407	14,7382716	3,561728395	10,20740741	0,984197531	0,45962963	0,148148148	0,203580247
